0	24.69387755	14.45289258	0
1	29.35736821	14.45289258	0
2	34.4404524	14.45289258	0
3	39.91062795	14.45289258	0
4	45.72842094	14.45289258	0
5	51.84897868	14.45289258	0
6	58.22371284	14.45289258	0
7	64.80190148	14.45289258	0
8	71.53217771	14.45289258	0
9	78.36385317	2.587229341	0
10	85.24804397	0	0
11	92.13858379	0	0
12	98.99272346	0	0
13	105.7716268	0	0
14	112.440681	0	0
15	118.9696435	0	0
16	125.3326515	0	0
17	131.5081192	0	0
18	137.478547	0	0
19	143.2302671	0	0
20	148.7531432	0	0
21	154.0402442	0	0
22	159.087505	0	0
23	163.8933861	0	0
24	168.4585416	0	0
25	172.7855021	0	0
26	176.8783774	0	0
27	180.7425816	0	0
28	184.3845838	0	0
29	187.8116827	0	0
30	191.0318075	0	0
31	194.0533426	0	0
32	196.8849749	0	0
33	199.5355636	0	0
34	202.0140285	0	0
35	204.3292574	0	0
36	206.4900287	0	0
37	208.5049489	0	0
38	210.3824025	0	0
39	212.1305128	0	0
40	213.7571124	0	0
41	215.269722	0	0
42	216.6755358	0	21.13338677
43	217.9814132	0	21.13338677
44	219.1938748	0	21.13338677
45	220.3191033	0	21.13338677
46	221.3629467	0	21.13338677
47	222.3309249	0	21.13338677
48	223.2282381	0	21.13338677
49	224.0597769	0	21.13338677
50	224.8301331	0	21.13338677
51	225.5436123	0	21.13338677
52	226.2042461	0	21.13338677
53	226.8158056	0	21.13338677
54	227.3818135	0	21.13338677
55	227.9055584	0	21.13338677
56	228.3901066	0	21.13338677
57	228.8383154	0	21.13338677
58	229.2528449	0	21.13338677
59	229.6361704	0	21.13338677
60	229.9905934	0	21.13338677
61	230.3182525	0	21.13338677
62	230.6211343	0	21.13338677
63	230.901083	0	21.13338677
64	231.1598099	0	21.13338677
65	231.3989022	0	21.13338677
66	231.6198317	0	21.13338677
67	231.8239626	0	21.13338677
68	232.0125588	0	21.13338677
69	232.1867913	0	21.13338677
70	232.3477443	0	21.13338677
71	232.4964216	0	21.13338677
72	232.6337525	0	21.13338677
73	232.760597	0	21.13338677
74	232.8777505	0	21.13338677
75	232.9859492	0	21.13338677
76	233.0858739	0	21.13338677
77	233.1781539	0	21.13338677
78	233.2633716	0	21.13338677
79	233.3420651	0	21.13338677
80	233.4147319	0	21.13338677
81	233.4818319	0	21.13338677
82	233.5437901	0	21.13338677
83	233.6009994	0	21.13338677
84	233.6538226	0	21.13338677
85	233.7025952	0	21.13338677
86	233.747627	0	21.13338677
87	233.7892043	0	21.13338677
88	233.8275916	0	21.13338677
89	233.8630331	0	21.13338677
90	233.8957545	0	21.13338677
91	233.9259642	0	21.13338677
92	233.9538547	0	21.13338677
93	233.9796039	0	21.13338677
94	234.0033759	0	21.13338677
95	234.0253224	0	21.13338677
96	234.0455833	0	21.13338677
97	234.0642881	0	21.13338677
98	234.0815561	0	21.13338677
99	234.0974977	0	21.13338677
100	234.1122145	0	21.13338677
101	234.1258007	0	21.13338677
102	234.138343	0	21.13338677
103	234.1499216	0	21.13338677
104	234.1606106	0	21.13338677
105	234.1704781	0	21.13338677
106	234.1795874	0	21.13338677
107	234.1879966	0	21.13338677
108	234.1957596	0	21.13338677
109	234.2029259	0	21.13338677
110	234.2095415	0	21.13338677
111	234.2156486	0	21.13338677
112	234.2212863	0	21.13338677
113	234.2264907	0	21.13338677
114	234.231295	0	21.13338677
115	234.2357301	0	21.13338677
116	234.2398242	0	21.13338677
117	234.2436037	0	21.13338677
118	234.2470926	0	21.13338677
119	234.2503133	0	21.13338677
120	234.2532865	0	21.13338677
121	234.2560311	0	21.13338677
122	234.2585647	0	21.13338677
123	234.2609035	0	21.13338677
124	234.2630626	0	21.13338677
125	234.2650556	0	21.13338677
126	234.2668955	0	21.13338677
127	234.2685939	0	21.13338677
128	234.2701617	0	21.13338677
129	234.271609	0	21.13338677
130	234.272945	0	21.13338677
131	234.2741784	0	21.13338677
132	234.2753169	0	21.13338677
133	234.2763678	0	21.13338677
134	234.277338	0	21.13338677
135	234.2782336	0	21.13338677
136	234.2790604	0	21.13338677
137	234.2798235	0	21.13338677
138	234.280528	0	21.13338677
139	234.2811784	0	21.13338677
140	234.2817787	0	21.13338677
141	234.2823329	0	21.13338677
142	234.2828445	0	21.13338677
143	234.2833168	0	21.13338677
144	234.2837527	0	21.13338677
145	234.2841551	0	21.13338677
146	234.2845266	0	21.13338677
147	234.2848695	0	21.13338677
148	234.2851861	0	21.13338677
149	234.2854783	0	21.13338677
150	234.2857481	0	21.13338677
151	234.2859971	0	21.13338677
152	234.286227	0	21.13338677
153	234.2864392	0	21.13338677
154	234.2866351	0	21.13338677
155	234.2868159	0	21.13338677
156	234.2869828	0	21.13338677
157	234.2871369	0	21.13338677
158	234.2872791	0	21.13338677
159	234.2874104	0	21.13338677
160	234.2875316	0	21.13338677
161	234.2876435	0	21.13338677
162	234.2877468	0	21.13338677
163	234.2878422	0	21.13338677
164	234.2879302	0	21.13338677
165	234.2880114	0	21.13338677
166	234.2880864	0	21.13338677
167	234.2881557	0	21.13338677
168	234.2882196	0	21.13338677
169	234.2882786	0	21.13338677
170	234.2883331	0	21.13338677
171	234.2883833	0	21.13338677
172	234.2884297	0	21.13338677
173	234.2884726	0	21.13338677
174	234.2885121	0	21.13338677
175	234.2885486	0	21.13338677
176	234.2885823	0	21.13338677
177	234.2886135	0	21.13338677
178	234.2886422	0	21.13338677
179	234.2886687	0	21.13338677
180	234.2886932	0	21.13338677
181	234.2887157	0	21.13338677
182	234.2887366	0	21.13338677
183	234.2887558	0	21.13338677
184	234.2887736	0	21.13338677
185	234.28879	0	21.13338677
186	234.2888052	0	21.13338677
187	234.2888191	0	21.13338677
188	234.288832	0	21.13338677
189	234.288844	0	21.13338677
190	234.288855	0	21.13338677
191	234.2888651	0	21.13338677
192	234.2888745	0	21.13338677